0010000100010001
0011000100010010
0010000100010011
0011000100010100
0111100000000000
1001000100010010
0110000100010010
0110000100010100
0100000100000101
0011000100010101
0111000000000001
0000000010010110
0000000000000000
1111111110011100
0000000000000000
0000000000000000
0000000000000001
0000000000000111
0000000000000111
0000000000000111
0000000000000111
0000000000000100
0000000000000100
0000000000000110
0000000000000100
0000000000000111
0000000000000100
0000000000000101
0000000000000101
0000000000000111
0000000000000111
0000000000000111
0000000000000110
0000000000001000
0000000000000111
0000000000000111
0000000000000111
0000000000000111
0000000000000111
0000000000000001
0000000000000111
0000000000000111
0000000000000111
0000000000000111
0000000000000111
0000000000000111
0000000000000111
0000000000000111
0000000000000101
0000000000000111
0000000000000101
0000000000000101
0000000000000101
0000000000000111
0000000000000101
0000000000000101
0000000000000101
0000000000000101
0000000000000101
0000000000000101
0000000000000101
0000000000000101
0000000000000101
0000000000000111
0000000000000101
0000000000000111
0000000000000101
0000000000000101
0000000000000101
0000000000000111
0000000000000101
0000000000000101
0000000000000101
0000000000000101
0000000000000111
0000000000000101
0000000000000101
0000000000000101
0000000000000111
0000000000000111
0000000000000101
0000000000000101
0000000000000101
0000000000000111
0000000000000101
0000000000000101
0000000000000111
0000000000000101
0000000000000101
0000000000000101
0000000000000101
0000000000000101
0000000000000101
0000000000000101
0000000000000101
0000000000000101
0000000000000111
0000000000000101
0000000000000101
0000000000000101
0000000000000101
0000000000001000
0000000000000111
0000000000000111
0000000000000100
0000000000000101
0000000000000111
0000000000000101
0000000000000111
0000000000000101
0000000000000111
0000000000000111
0000000000000111
0000000000000111
0000000000000111
0000000000000111
